-0.7545063377563307 
-0.4939217259083708 
0.4321591315259072 
-0.1273526179262291 
-0.5357809256808658 
-0.8346976161364611 
0.6438179067041130 
-0.6848212382456104 
0.3413478792300944 
-0.3936058456186716 
0.3139755170163054 
0.8639987343793707 
-0.9192642597765266 
-0.1398089769046982 
-0.3679764539673379 
0.0052591817163122 
-0.9390808403386821 
0.3436561018176013 
-0.8061327553442186 
0.2085921610725748 
-0.5537502064109875 
0.5722804999445228 
0.0368439318644022 
-0.8192298542338520 
-0.1504825908349046 
-0.9773084646230402 
-0.1490743265346867 
0.6763709946792730 
0.5007362949205744 
0.5401716768822543 
-0.7323189836734001 
0.3785731573639234 
0.5660311569826069 
0.0789378471211965 
-0.7784250300913541 
0.6227545975897287 
-0.8444394132600366 
-0.0555279772461350 
-0.5327651650361513 
-0.2809753804577935 
-0.8008749590311236 
0.5288214590705392 
-0.4560426656680744 
0.5962515775575344 
0.6606883859661137 
0.2701799675529897 
-0.8090843840973377 
-0.5219053980779443 
-0.7931692762527737 
0.1202418501270077 
-0.5970128949082136 
0.5457886810311450 
0.5752602514409163 
-0.6092539361960799 
-0.5429141921182693 
0.0038517452206761 
-0.8397793424795119 
0.6337894994883928 
0.6579405734464993 
-0.4067248113296554 
0.5509583018113250 
-0.7530600015082772 
-0.3596464705701063 
0.4710955120026202 
0.2808801745721377 
-0.8361670563370183 
-0.1419593103723703 
-0.9114479883717828 
-0.3861477938453507 
-0.8705840411870586 
0.3006141913239558 
-0.3895055008662317 
-0.1868147333207545 
0.8034244302384630 
-0.5653401102967092 
0.6813511484710790 
0.5205312523679418 
0.5145948190425190 
0.7077152449194778 
-0.2890612395397594 
-0.6446570653489351 
0.6447662692085762 
-0.5047862760398809 
-0.5739923985669523 
-0.2430073163424448 
-0.8473335911837518 
0.4722004123840739 
-0.7247233281017639 
-0.1649745458349126 
-0.6689988766296006 
0.2701176344190589 
0.8170639550323412 
-0.5093554328391521 
0.5580938504577695 
-0.5639518366741169 
-0.6086785522696778 
-0.7845812371304023 
-0.1198533241040833 
-0.6083317047829491 
0.6697940061437699 
0.4658075797827428 
0.5782726761233177 
0.1077730910599274 
-0.8315061163463365 
0.5449610438572846 
0.7346842520275416 
-0.3026894069761552 
-0.6071393355129903 
-0.5203170276134772 
0.6403462537517975 
0.5650016513971574 
0.5277820966165139 
-0.2790023384260565 
0.8022491842587747 
0.6713540416699322 
0.7156216671250466 
-0.1927936209385987 
-0.2251067172147094 
0.8678902337939550 
-0.4428244662954955 
0.3645273004488341 
-0.3464643382955852 
-0.8643392328923218 
-0.9035744646083698 
-0.3559901745476636 
-0.2383782341851324 
-0.8243978523029873 
0.0020866780483616 
0.5660069141741511 
0.3820094718946367 
-0.7358387089143902 
0.5591155138663071 
0.4176564910318084 
0.6771536311930448 
0.6058267204911573 
0.2905235444938233 
0.7997252594055048 
-0.5253908826421932 
-0.8002423181861610 
-0.0979625403724120 
-0.5916211396390617 
-0.5246029949197623 
0.5923198883648777 
0.6115135710420779 
-0.6796573013185233 
0.4500011954331065 
0.5792796189002316 
-0.7320115001219957 
-0.4668730771882746 
-0.4961740556356178 
0.0471711400494814 
-0.7612676624588272 
0.6467197458257368 
0.8625727997815658 
-0.0912659058986339 
0.4976330972689544 
0.5038949101232076 
0.2431710463179480 
-0.8288291511430803 
-0.0453661176310638 
0.9656802662647384 
0.2557411556983904 
0.4753150088042289 
0.6979935998947038 
0.5356123382741179 
0.1519397099114103 
0.5345102529105106 
-0.8313922744923594 
-0.8665967729904562 
0.4765540095724453 
0.1480078004800876 
0.1344857260132729 
-0.4989714078209190 
0.8561198068470870 
0.8347861589718361 
-0.4084489582197399 
-0.3691903537719507 
0.5338966737934707 
0.7643277979417074 
0.3616038702860477 
