-0.3853216252424962 
0.0149516569011084 
0.0681453178108977 
-0.2944382106357623 
-0.2117236288343410 
-0.0602613162124528 
-0.3223409884327066 
0.2392729437914317 
-0.0766875168008686 
-0.2224981271230386 
-0.0038037326257707 
0.2906534735650577 
-0.1987227068481479 
-0.1317849951438491 
-0.3047577289583780 
-0.1794076050207292 
0.1417022213575309 
-0.2892363401726648 
-0.1022974933325145 
-0.3547934458016318 
0.0696924083974671 
-0.1212753521735090 
0.3462993134323803 
0.0663893396649212 
-0.0709504996759662 
-0.2262325346292276 
0.3106664986788196 
-0.0781251159961892 
0.2289272293655696 
0.3108483426587413 
0.0578295351115046 
-0.2149688787480596 
-0.2925508612379537 
0.0840586317438915 
0.2102554060542927 
-0.2811434945365446 
0.1163060897190075 
-0.3817797818982522 
-0.0828289295678271 
0.1271312037512114 
0.3603961415653604 
-0.0543765346601267 
0.1840679567614450 
-0.1263360174978432 
0.2856580009280612 
0.1767466464286639 
0.1457485642448210 
0.2903623299541527 
0.2379467569264759 
-0.0085842150503640 
-0.3073691324109362 
0.3008296088521508 
-0.2415225556431637 
0.0631534822150136 
0.3280614695280420 
0.2246856533546472 
0.0752964523612421 
0.3627942555110695 
-0.0040890479778622 
-0.0632066474051571 
